505921920
505921932
505921935
505921938
505922009
505922012
505922018
505922027
505864285
505864306
505864312
505864318
505864321
505865846
505865849
505876984
505876988
505880324
505880330
505883547
505883556
505883589
505886414
505886420
505895875
505895878
505895893
505895902
505903850
505903859
505903865
505903880
505903892
505916332
505916335
505916350
505925613
505925664
505925685
505925691
505937603
505937609
505937615
505937633
505937648
505937657
505937663
505937684
505940625
505940646
505940655
505940658
505940664
505940679
505940682
505942093
505942099
505942111
505942117
505942123
505942129
505859532
505860166
505860184
505860188
505860290
505862111
505862119
505862149
505862763
505862929
505863844
505865524
505865530
505867476
505871639
505871693
505872632
505872666
505874852
505875601
505875908
505875930
505875938
505876850
505877308
505877316
505877320
505877324
505877368
505878074
505878132
505878567
505878571
505878609
505878655
505878671
505879020
505879670
505879848
505879858
505880366
505880370
505880380
505880456
505880516
505880852
505880868
505880876
505880906
505881205
505881561
505881923
505881939
505881941
505882153
505883164
505883192
505883196
505883947
505884118
505884138
505884152
505884160
505884184
505884667
505884675
505884679
505884683
505886703
505886715
505886743
505886800
505886838
505886844
505886860
505886866
505886894
505890776
505890796
505890802
505890925
505891877
505891919
505893576
505894012
505894320
505894324
505894348
505894414
505894416
505896172
505897272
505897280
505897292
505897304
505897590
505897618
505897637
505897639
505897665
505898147
505898155
505898357
505898407
505899231
505899241
505899245
505899526
505899528
505900059
505900127
505900145
505900653
505900689
505900715
505901699
505902022
505903097
505904951
505904983
505904985
505904991
505905640
505905700
505905710
505905726
505905764
505905766
505905768
505906065
505906083
505906085
505906089
505906552
505906570
505906576
505906596
505906644
505906656
505911280
505911284
505911714
505911722
505911726
505911772
505911786
505913095
505913120
505913761
505913889
505914192
505914202
505914204
505914631
505915611
505915615
505916445
505916626
505917355
505917449
505917483
505917495
505917497
505917511
505917529
505918741
505918745
505918753
505918761
505918765
505918767
505918773
505918868
505918888
505918900
505919346
505919414
505920010
505920028
505920050
505920054
505920196
505920236
505920244
505920316
505920332
505920336
505920376
505920380
505920409
505920411
505921076
505922364
505922376
505922380
505922390
505922398
505922440
505922458
505923160
505923162
505923180
505923188
505923216
505923234
505925222
505925238
505925256
505925258
505925274
505925308
505925312
505925322
505925514
505925528
505925540
505929804
505930250
505930266
505930300
505931841
505931873
505931885
505931895
505932024
505932840
505932848
505932870
505932874
505932878
505934403
505934409
505934429
505934900
505934906
505934908
505934914
505934920
505934922
505934930
505934936
505934944
505934948
505934968
505935084
505935088
505935104
505935239
505935253
505935257
505935259
505935261
505935612
505935685
505935687
505935712
505935716
505935728
505935736
505935740
505936123
505936146
505936164
505936170
505936176
505936196
505936223
505936231
505936235
505936239
505936245
505936249
505936251
505936253
505936261
505937101
505937227
505937835
505937839
505937841
505937849
505937877
505937883
505938353
505938422
505938426
505938458
505938484
505938983
505938989
505938999
505939011
505939019
505939025
505939029
505939041
505939043
505939051
505939057
505939113
505939143
505939912
505939938
505939940
505939946
505939954
505939964
505939970
505939972
505939974
505941476
505941482
505941508
505941744
505941758
505941766
505941778
505942329
505942409
505942553
505942569
505942585
505942593
505942617
505942629
505942631
505942643
505942683
505942717
505942727
505942729
505942745
505942767
505942771
505942817